0600000000400000000000000000000000000000000000000000000000000000
0600000000800000000000000000000000000000000000000000000000000000
0600000000000100000000000000000000000000000000000000000000000000
0600000000000200000000000000000000000000000000000000000000000000
0600000000000400000000000000000000000000000000000000000000000000
0600000000000800000000000000000000000000000000000000000000000000
0600000000001000000000000000000000000000000000000000000000000000
0600000000002000000000000000000000000000000000000000000000000000
0600000000004000000000000000000000000000000000000000000000000000
0600000000008000000000000000000000000000000000000000000000000000
0600000000000020000000000000000000000000000000000000000000000000
0600000000000040000000000000000000000000000000000000000000000000
0600000010000000000000000000000000000000000000000000000000000000
0600000000040000000000000000000000000000000000000000000000000000
0600000100000000000000000000000000000000000000000000000000000000
0600000020000000000000000000000000000000000000000000000000000000
0600000080000000000000000000000000000000000000000000000000000000
0600000000100000000000000000000000000000000000000000000000000000
0600000000010000000000000000000000000000000000000000000000000000
0600001000000000000000000000000000000000000000000000000000000000
0600000004000000000000000000000000000000000000000000000000000000
0600000008000000000000000000000000000000000000000000000000000000
0600000000000080000000000000000000000000000000000000000000000000
0600000000000000010000000000000000000000000000000000000000000000
0600000000000000020000000000000000000000000000000000000000000000
0600100000000000000000000000000000000000000000000000000000000000
0600000040000000000000000000000000000000000000000000000000000000
0600800000000000000000000000000000000000000000000000000000000000
0600000200000000000000000000000000000000000000000000000000000000
0600000400000000000000000000000000000000000000000000000000000000
0600000800000000000000000000000000000000000000000000000000000000
0600002000000000000000000000000000000000000000000000000000000000
0600004000000000000000000000000000000000000000000000000000000000
0600008000000000000000000000000000000000000000000000000000000000
0600000000000000080000000000000000000000000000000000000000000000
0600000000000000100000000000000000000000000000000000000000000000
0600000000200000000000000000000000000000000000000000000000000000
0600000000080000000000000000000000000000000000000000000000000000
0600400000000000000000000000000000000000000000000000000000000000
0600000000020000000000000000000000000000000000000000000000000000
0600200000000000000000000000000000000000000000000000000000000000
0600000002000000000000000000000000000000000000000000000000000000
0600000001000000000000000000000000000000000000000000000000000000
0600000000000000400000000000000000000000000000000000000000000000
0600000000000000800000000000000000000000000000000000000000000000
0600000000000000000100000000000000000000000000000000000000000000
